Date: 03/08/2015	 Scientist Search 1.7
Data Retrieval Mode: medline, reflects file type source of PubMed data in following analysis.
Publication Type Selection: journal article, Affiliation Restriction: none, reflects search constraints of PubMed data in following analysis.
Keyword Mode Selection: none
Authors per Publication output type: summary

Year,Q0,Q1,Q2,Q2,Q2,Q3,Q4,Mean,Count,Sum,Variance
1809,1,1,1,1,1,1,1,1,20,20,0
1810,
1811,1,1,1,1,1,1,1,1,27,27,0
1812,1,1,1,1,1,1,1,1,21,21,0
1813,1,1,1,1,1,1,1,1,23,23,0
1814,1,1,1,1,1,1,1,1,27,27,0
1815,1,1,1,1,1,1,2,1.03846153846154,26,27,0.0369822485207099
1816,1,1,1,1,1,1,1,1,39,39,0
1817,1,1,1,1,1,1,1,1,21,21,0
1818,1,1,1,1,1,1,1,1,29,29,0
1819,1,1,1,1,1,1,1,1,28,28,0
1820,
1821,1,1,1,1,1,1,1,1,30,30,0
1822,
1823,1,1,1,1,1,1,1,1,46,46,0
1824,
1825,
1826,
1827,1,1,1,1,1,1,2,1.04761904761905,42,44,0.0453514739229024
1828,1,1,1,1,1,1,2,1.2,10,12,0.16
1829,1,1,1,1,1,1,1,1,10,10,0
1830,
1831,1,1,1,1,1,1,1,1,21,21,0
1832,1,1,1,1,1,1,1,1,16,16,0
1833,1,1,1,1,1,1,1,1,13,13,0
1834,
1835,1,1,1,1,1,1,1,1,20,20,0
1836,
1837,1,1,1,1,1,1,2,1.0625,16,17,0.05859375
1838,1,1,1,1,1,1,2,1.04166666666667,24,25,0.0399305555555554
1839,1,1,1,1,1,1,2,1.04347826086957,23,24,0.0415879017013232
1840,1,1,1,1,1,1,6,1.14942528735632,87,100,0.425947945567446
1841,1,1,1,1,1,1,2,1.02250803858521,311,318,0.0220014267842557
1842,1,1,1,1,1,1,7,1.04347826086957,368,384,0.144848771266541
1843,1,1,1,1,1,1,5,1.03289473684211,304,314,0.0712863573407201
1844,1,1,1,1,1,1,4,1.018779342723,213,217,0.0465956930944036
1845,1,1,1,1,1,1,2,1.05202312138728,173,182,0.0493167162284072
1846,1,1,1,1,1,1,1,1,149,149,0
1847,1,1,1,1,1,1,2,1.01449275362319,138,140,0.0142827137156059
1848,1,1,1,1,1,1,2,1.016,125,127,0.015744
1849,1,1,1,1,1,1,1,1,104,104,0
1850,1,1,1,1,1,1,2,1.00892857142857,112,113,0.00884885204081631
1851,1,1,1,1,1,1,2,1.0650406504065,123,131,0.0608103642012032
1852,1,1,1,1,1,1,1,1,145,145,0
1853,1,1,1,1,1,1,1,1,120,120,0
1854,1,1,1,1,1,1,2,1.06666666666667,15,16,0.0622222222222222
1855,1,1,1,1,1,1,1,1,48,48,0
1856,1,1,1,1,1,1,2,1.024,125,128,0.0234240000000001
1857,1,1,1,1,1,1,1,1,55,55,0
1858,1,1,1,1,1,1,1,1,51,51,0
1859,1,1,1,1,1,1,1,1,70,70,0
1860,1,1,1,1,1,1,1,1,95,95,0
1861,1,1,1,1,1,1,1,1,89,89,0
1862,1,1,1,1,1,1,1,1,93,93,0
1863,1,1,1,1,1,1,1,1,86,86,0
1864,1,1,1,1,1,1,2,1.01204819277108,83,84,0.0119030338220352
1865,1,1,1,1,1,1,2,1.01612903225806,62,63,0.0158688865764829
1866,1,1,1,1,1,1,1,1,73,73,0
1867,1,1,1,1,1,1,2,1.03030303030303,264,272,0.0293847566574839
1868,1,1,1,1,1,1,3,1.0406976744186,344,358,0.0622971876690102
1869,1,1,1,1,1,1,3,1.03191489361702,282,291,0.045080730345556
1870,1,1,1,1,1,1,3,1.02027027027027,296,302,0.0266161431701974
1871,1,1,1,1,1,1,3,1.01420454545455,352,357,0.0196845945247934
1872,1,1,1,1,1,1,4,1.01808785529716,387,394,0.0332645607568987
1873,1,1,1,1,1,1,2,1.00681818181818,440,443,0.00677169421487611
1874,1,1,1,1,1,1,2,1.01396648044693,358,363,0.013771417870853
1875,1,1,1,1,1,1,2,1.02072538860104,386,394,0.020295846868372
1876,1,1,1,1,1,1,2,1.03030303030303,396,408,0.0293847566574839
1877,1,1,1,1,1,1,3,1.05382436260623,353,372,0.0622587453554722
1878,1,1,1,1,1,1,3,1.04585152838428,458,479,0.0481159779561793
1879,1,1,1,1,1,1,3,1.05504587155963,436,460,0.0703644474370846
1880,1,1,1,1,1,1,8,1.04241435562806,613,639,0.112393518358353
1881,1,1,1,1,1,1,6,1.03328509406657,691,714,0.0842756046837467
1882,1,1,1,1,1,1,7,1.0763358778626,393,423,0.187557057669522
1883,1,1,1,1,1,1,3,1.02005012531328,798,814,0.0221543834523652
1884,1,1,1,1,1,1,3,1.01779755283648,899,915,0.0219301881586391
1885,1,1,1,1,1,1,2,1.01307189542484,918,930,0.0129010209748388
1886,1,1,1,1,1,1,4,1.02916274694262,1063,1094,0.0414825539461703
1887,1,1,1,1,1,1,7,1.02448579823702,1021,1046,0.0552280656651072
1888,1,1,1,1,1,1,5,1.06167979002625,762,809,0.107744159932764
1889,1,1,1,1,1,1,4,1.05783866057839,657,695,0.0758023301339743
1890,1,1,1,1,1,1,3,1.05952380952381,672,712,0.0649092970521541
1891,1,1,1,1,1,1,5,1.06153846153846,650,690,0.0792899408284022
1892,1,1,1,1,1,1,4,1.03700097370983,1027,1065,0.0531586786748066
1893,1,1,1,1,1,1,5,1.03888419273035,1183,1229,0.0576596171888455
1894,1,1,1,1,1,1,3,1.05467625899281,695,733,0.0574421613788105
1895,1,1,1,1,1,1,12,1.07200811359026,986,1057,0.204753979650194
1896,1,1,1,1,1,1,6,1.05867560771165,1193,1263,0.0753501319867431
1897,1,1,1,1,1,1,7,1.10215053763441,1302,1435,0.188489998843797
1898,1,1,1,1,1,1,8,1.07890365448505,1204,1299,0.157395475767375
1899,1,1,1,1,1,1,14,1.07981651376147,1090,1177,0.277115562663075
1900,1,1,1,1,1,1,9,1.09420289855072,1104,1208,0.219386683469859
1901,1,1,1,1,1,1,37,1.15763945028294,1237,1432,1.41330663475734
1902,1,1,1,1,1,1,11,1.12563667232598,1178,1326,0.369614407891133
1903,1,1,1,1,1,1,5,1.10108024691358,1296,1427,0.135616117017223
1904,1,1,1,1,1,1,14,1.12755519215045,1223,1379,0.314064914165601
1905,1,1,1,1,1,1,15,1.12932226832642,1446,1633,0.421035087014495
1906,1,1,1,1,1,1,6,1.10692254969157,1459,1615,0.146209789066563
1907,1,1,1,1,1,1,5,1.11284840244731,1471,1637,0.136823361790446
1908,1,1,1,1,1,1,10,1.11253701875617,2026,2254,0.19858912128509
1909,1,1,1,1,1,1,5,1.10312764158918,2366,2610,0.117851587257921
1910,1,1,1,1,1,1,8,1.11293103448276,2320,2582,0.16052244351962
1911,1,1,1,1,1,1,5,1.11693861693862,2574,2875,0.153769027312151
1912,1,1,1,1,1,1,17,1.12076749435666,2658,2979,0.283759832321863
1913,1,1,1,1,1,1,8,1.10565780504431,2934,3244,0.129940722711746
1914,1,1,1,1,1,1,5,1.11751904243743,2757,3081,0.14795931456303
1915,1,1,1,1,1,1,7,1.15955401768551,2601,3016,0.250205721899468
1916,1,1,1,1,1,1,13,1.18082879866053,2389,2821,0.380025935110361
1917,1,1,1,1,1,1,15,1.19592544429996,2307,2759,0.408947420535942
1918,1,1,1,1,1,1,9,1.17393199651264,2294,2693,0.297995263030277
1919,1,1,1,1,1,1,9,1.16387559808612,2508,2919,0.258232507650161
1920,1,1,1,1,1,1,6,1.15003615328995,2766,3181,0.224416123060257
1921,1,1,1,1,1,1,16,1.18622904031395,2803,3325,0.345625558671466
1922,1,1,1,1,1,1,14,1.2004132231405,2904,3486,0.357906165334791
1923,1,1,1,1,1,1,8,1.18330134357006,3126,3699,0.226477392877273
1924,1,1,1,1,1,1,12,1.22626201923077,3328,4081,0.346341556345923
1925,1,1,1,1,1,1,12,1.2209096278795,3386,4134,0.33749545137216
1926,1,1,1,1,1,1,13,1.21974965229485,3595,4385,0.322224693932424
1927,1,1,1,1,1,1,5,1.22098490472655,4041,4934,0.268166414273494
1928,1,1,1,1,1,1,16,1.25573686894442,3922,4925,0.463155512608044
1929,1,1,1,1,1,1,16,1.2680412371134,3686,4674,0.446873374316864
1930,1,1,1,1,1,1,7,1.26721149083705,4038,5117,0.361733234617837
1931,1,1,1,1,1,1,11,1.28535606820461,3988,5126,0.367919958471201
1932,1,1,1,1,1,1,5,1.3044761436301,4066,5304,0.381470372401852
1933,1,1,1,1,1,1,13,1.31516825715721,3982,5237,0.447379165561955
1934,1,1,1,1,1,2,16,1.34526529576035,3939,5299,0.476374510730117
1935,1,1,1,1,1,2,10,1.34947675833536,4109,5545,0.421550590175328
1936,1,1,1,1,1,2,8,1.35449735449735,3969,5376,0.427367654880883
1937,1,1,1,1,1,2,11,1.39598016183764,3831,5348,0.501774496082563
1938,1,1,1,1,1,2,11,1.40830622967225,3997,5629,0.527306538197368
1939,1,1,1,1,1,2,18,1.42849962302086,3979,5684,0.718373496544216
1940,1,1,1,1,1,2,11,1.46475709070486,3561,5216,0.667179728975979
1941,1,1,1,1,1,2,18,1.49072164948454,3395,5061,0.76007591515722
1942,1,1,1,1,1,2,15,1.50985074626866,3350,5058,0.780052216529294
1943,1,1,1,1,1,2,15,1.51101055806938,3315,5009,0.94490139204539
1944,1,1,1,1,1,2,20,1.52808046940486,3579,5469,1.14778650819358
1945,1,1,1,1,1,2,24,1.42884300575593,18937,27058,0.595678615950579
1946,1,1,1,1,1,2,22,1.4055049088359,51336,72153,0.452189580660024
1947,1,1,1,1,1,2,21,1.40962031770311,62763,88472,0.443064723677499
1948,1,1,1,1,1,2,13,1.42560729479752,68871,98183,0.439438936198038
1949,1,1,1,1,1,2,14,1.46225707577931,61336,89689,0.464142186161946
1950,1,1,1,1,1,2,16,1.55191962419145,81318,126199,0.848081548324648
1951,1,1,1,1,1,2,15,1.56312295772622,97318,152120,0.868942391650957
1952,1,1,1,1,1,2,17,1.5839815875696,99498,157603,0.901392488836644
1953,1,1,1,1,1,2,17,1.61159728869181,102386,165005,0.940962527878884
1954,1,1,1,1,1,2,19,1.64018909770048,102804,168618,0.96773077627272
1955,1,1,1,1,1,2,21,1.66669838158759,105103,175175,1.02538567886164
1956,1,1,1,1,1,2,23,1.71167173603357,103892,177829,1.10368581654878
1957,1,1,1,1,1,2,19,1.74141574464551,108367,188712,1.12912558247858
1958,1,1,1,1,1,2,33,1.75220781175054,106327,186307,1.15931437185467
1959,1,1,1,1,1,2,17,1.78857025388015,107019,191411,1.19140506951612
1960,1,1,1,1,1,2,17,1.82482104591255,109665,200119,1.22312166245407
1961,1,1,1,1,1,2,19,1.85260713531771,118425,219395,1.31229265397484
1962,1,1,2,2,2,2,17,1.87952241965488,124712,234399,1.35519295942102
1963,1,1,2,2,2,2,23,1.91550532598452,140068,268301,1.45157356093488
1964,1,1,2,2,2,3,22,1.94867815877052,160458,312681,1.52695636638544
1965,1,1,2,2,2,2,23,1.93889501677629,173161,335741,1.49530464811655
1966,1,1,2,2,2,3,38,1.97812748682344,173414,343035,1.52393715361805
1967,1,1,2,2,2,3,23,2.03047184302187,184892,375418,1.55278931287679
1968,1,1,2,2,2,3,23,2.05417415618135,200280,411410,1.6074306491184
1969,1,1,2,2,2,3,25,2.09535667838736,207610,435017,1.68406735628325
1970,1,1,2,2,2,3,26,2.123434204602,210995,448034,1.7355163846316
1971,1,1,2,2,2,3,26,2.17662859422697,215554,469181,1.78555823381611
1972,1,1,2,2,2,3,31,2.21381327272974,220889,489007,1.8243407908146
1973,1,1,2,2,2,3,25,2.27592765810803,223439,508531,1.92880039784758
1974,1,1,2,2,2,3,26,2.32612900956669,227456,529092,2.00787734801607
1975,1,1,2,2,2,3,32,2.37412299318369,240306,570516,2.12883093397923
1976,1,1,2,2,2,3,33,2.43379350333716,243171,591828,2.23244901121835
1977,1,1,2,2,2,3,35,2.52447270739217,243271,614131,2.39743352777989
1978,1,1,2,2,2,3,38,2.57682584437939,250391,645214,2.6574353297227
1979,1,1,2,2,2,3,49,2.63588145955839,256790,676868,2.80825650621765
1980,1,1,2,2,2,4,39,2.71141525805248,259889,704667,2.94718185207506
1981,1,1,2,2,2,4,100,2.7937021766374,264123,737881,3.21243225391435
1982,1,1,2,2,2,4,92,2.85351372184005,275036,784819,3.47149905590255
1983,1,1,3,3,3,4,50,2.91677822790651,286091,834464,3.45032724842175
1984,1,2,3,3,3,4,25,2.98233143716734,295157,880256,3.45804049521044
1985,1,2,3,3,3,4,64,3.05730277442702,310875,950439,4.21203122919616
1986,1,2,3,3,3,4,77,3.11948479290088,322744,1006795,4.25374076026623
1987,1,2,3,3,3,4,64,3.19902499992596,337641,1080122,4.45434861000286
1988,1,2,3,3,3,4,73,3.2465681472964,352215,1143490,4.49431111465453
1989,1,2,3,3,3,4,65,3.32198745379614,367123,1219578,4.78022674982012
1990,1,2,3,3,3,5,64,3.37255818451422,372264,1255482,5.03124638801959
1991,1,2,3,3,3,5,64,3.43260739066243,369818,1269440,4.87946739746978
1992,1,2,3,3,3,5,64,3.52054978570181,372145,1310155,5.29066115496338
1993,1,2,3,3,3,5,64,3.57881280803774,379012,1356413,5.5577733227737
1994,1,2,3,3,3,5,97,3.65143081104482,390373,1425420,5.69453187930644
1995,1,2,3,3,3,5,66,3.74192489462896,399066,1493275,6.08061348993134
1996,1,2,3,3,3,5,104,3.86920001171715,409656,1585041,6.95534874193919
1997,1,2,3,3,3,5,150,3.92359004561237,405811,1592236,6.53245151100968
1998,1,2,4,4,4,5,631,3.98894811191966,421195,1680125,7.67817175764429
1999,1,2,4,4,4,5,230,4.01359576624871,438004,1757971,7.08772074504339
2000,1,2,4,4,4,5,461,4.06948907319863,475528,1935156,10.0855255696094
2001,1,2,4,4,4,6,743,4.19872846469876,489487,2055223,26.7091581361638
2002,1,2,4,4,4,6,620,4.28065393483136,507023,2170390,23.5418067945268
2003,1,2,4,4,4,6,610,4.39273039047206,535352,2351657,27.7029577327322
2004,1,2,4,4,4,6,625,4.51273904681303,576613,2602104,38.5815021085748
2005,1,2,4,4,4,6,650,4.64250190103293,635181,2948829,48.8042601426664
2006,1,2,4,4,4,6,645,4.71669077260134,679639,3205647,43.9961470352391
2007,1,3,4,4,4,6,631,4.82774402140588,717560,3464196,46.5450644852303
2008,1,3,4,4,4,6,620,4.90649354050851,763605,3746623,46.2486252077702
2009,1,3,4,4,4,6,656,4.99848010695267,803346,4015509,40.4396426249842
2010,1,3,4,4,4,7,3172,5.12425597732414,865061,4432794,75.7483031245813
2011,1,3,5,5,5,7,3050,5.27966901411451,938892,4957039,207.975562460797
2012,1,3,5,5,5,7,3060,5.41671265746851,1000200,5417796,276.230585714075
2013,1,3,5,5,5,7,2926,5.49315447696157,1047619,5754733,126.97570744453
2014,1,3,5,5,5,7,2937,5.60662852615481,1085460,6085771,114.55176027468
