Date: 03/08/2015	 Scientist Search 1.7
Data Retrieval Mode: medline, reflects file type source of PubMed data in following analysis.
Publication Type Selection: journal article, Affiliation Restriction: none, reflects search constraints of PubMed data in following analysis.
Keyword Mode Selection: none

Year	PubMed Result Count	Authored Publications	Unique Author No.	Unique Short Author No.	Duplicate Author No.	Duplicate Short Author No.	Duplicate Author Publications	Retracted Pubs	Retractions Made	Unique Journals	Unique Short Journals	Authors Per Publication	APP Max	APP Min	 APP Var	Unique First Authors
1809	22	20	18	18	2	2	4	0	0	1	1	1	1	1	0	18
1810	0	0	0	0	0	0	0	0	0	0	0	0	0	0	0	0
1811	33	27	24	24	3	3	6	0	0	1	1	1	1	1	0	24
1812	24	21	16	16	4	4	9	0	0	1	1	1	1	1	0	16
1813	27	23	18	18	5	5	10	0	0	1	1	1	1	1	0	18
1814	29	27	25	25	2	2	4	0	0	1	1	1	1	1	0	25
1815	29	26	25	25	1	1	3	0	0	1	1	1.03846153846154	2	1	0.03698224852071	24
1816	43	39	32	32	5	5	12	0	0	1	1	1	1	1	0	32
1817	25	21	19	19	2	2	4	0	0	1	1	1	1	1	0	19
1818	33	29	29	29	0	0	0	0	0	1	1	1	1	1	0	29
1819	31	28	25	25	3	3	6	0	0	1	1	1	1	1	0	25
1820	0	0	0	0	0	0	0	0	0	0	0	0	0	0	0	0
1821	35	30	24	24	5	5	11	0	0	1	1	1	1	1	0	24
1822	0	0	0	0	0	0	0	0	0	0	0	0	0	0	0	0
1823	51	46	40	40	4	4	10	0	0	1	1	1	1	1	0	40
1824	0	0	0	0	0	0	0	0	0	0	0	0	0	0	0	0
1825	0	0	0	0	0	0	0	0	0	0	0	0	0	0	0	0
1826	0	0	0	0	0	0	0	0	0	0	0	0	0	0	0	0
1827	46	42	37	37	5	5	12	0	0	1	1	1.04761904761905	2	1	0.0453514739229025	35
1828	14	10	10	10	2	2	4	0	0	1	1	1.2	2	1	0.16	9
1829	14	10	9	9	1	1	2	0	0	1	1	1	1	1	0	9
1830	0	0	0	0	0	0	0	0	0	0	0	0	0	0	0	0
1831	21	21	19	19	2	2	4	0	0	1	1	1	1	1	0	19
1832	17	16	15	15	1	1	2	0	0	1	1	1	1	1	0	15
1833	13	13	10	10	3	3	6	0	0	1	1	1	1	1	0	10
1834	0	0	0	0	0	0	0	0	0	0	0	0	0	0	0	0
1835	21	20	14	14	4	4	10	0	0	1	1	1	1	1	0	14
1836	0	0	0	0	0	0	0	0	0	0	0	0	0	0	0	0
1837	18	16	16	16	1	1	2	0	0	1	1	1.0625	2	1	0.05859375	15
1838	25	24	23	23	2	2	4	0	0	1	1	1.04166666666667	2	1	0.0399305555555556	22
1839	24	23	22	22	2	2	4	0	0	1	1	1.04347826086957	2	1	0.0415879017013233	21
1840	146	87	77	77	16	16	39	0	0	2	2	1.14942528735632	6	1	0.425947945567445	67
1841	526	311	173	173	43	43	188	0	0	2	2	1.02250803858521	2	1	0.0220014267842558	168
1842	662	368	243	243	61	61	202	0	0	3	3	1.04347826086957	7	1	0.144848771266541	228
1843	564	304	219	219	41	41	136	0	0	2	2	1.03289473684211	5	1	0.0712863573407208	209
1844	339	213	146	146	39	39	110	0	0	3	3	1.018779342723	4	1	0.0465956930944038	143
1845	280	173	113	113	24	24	93	0	0	2	2	1.05202312138728	2	1	0.0493167162284072	110
1846	279	149	89	89	29	29	89	0	0	2	2	1	1	1	0	89
1847	241	138	90	90	26	26	76	0	0	2	2	1.01449275362319	2	1	0.014282713715606	88
1848	245	125	80	80	16	16	63	0	0	2	2	1.016	2	1	0.015744	79
1849	211	104	63	63	17	17	58	0	0	3	3	1	1	1	0	63
1850	215	112	79	79	14	14	48	0	0	3	3	1.00892857142857	2	1	0.00884885204081633	79
1851	233	123	81	81	19	19	69	0	0	3	3	1.0650406504065	2	1	0.0608103642012029	79
1852	237	145	110	110	17	17	52	0	0	3	3	1	1	1	0	110
1853	230	120	98	98	15	15	37	0	0	2	2	1	1	1	0	98
1854	140	15	15	15	1	1	2	0	0	2	2	1.06666666666667	2	1	0.0622222222222222	14
1855	178	48	36	36	9	9	21	0	0	2	2	1	1	1	0	36
1856	249	125	62	62	25	25	91	0	0	2	2	1.024	2	1	0.023424	59
1857	257	55	30	30	10	10	35	0	0	2	2	1	1	1	0	30
1858	235	51	35	35	7	7	23	0	0	2	2	1	1	1	0	35
1859	223	70	40	40	9	9	39	0	0	2	2	1	1	1	0	40
1860	169	95	36	36	11	11	70	0	0	2	2	1	1	1	0	36
1861	202	89	37	37	14	14	66	0	0	2	2	1	1	1	0	37
1862	191	93	38	38	14	14	69	0	0	2	2	1	1	1	0	38
1863	169	86	39	39	15	15	62	0	0	2	2	1	1	1	0	39
1864	159	83	40	40	11	11	55	0	0	2	2	1.01204819277108	2	1	0.0119030338220351	39
1865	134	62	43	43	6	6	26	0	0	3	3	1.01612903225806	2	1	0.0158688865764828	42
1866	144	73	44	44	7	7	36	0	0	3	3	1	1	1	0	44
1867	366	264	189	189	48	48	131	0	0	3	3	1.03030303030303	2	1	0.029384756657484	184
1868	513	344	221	221	73	73	210	0	0	4	4	1.0406976744186	3	1	0.0622971876690101	216
1869	423	282	203	203	47	47	135	0	0	4	4	1.03191489361702	3	1	0.0450807303455562	199
1870	428	296	207	207	48	48	143	0	0	4	4	1.02027027027027	3	1	0.0266161431701974	204
1871	489	352	230	230	61	61	188	0	0	4	4	1.01420454545455	3	1	0.0196845945247935	227
1872	494	387	258	258	72	72	208	0	0	3	3	1.01808785529716	4	1	0.0332645607568992	255
1873	568	440	306	306	71	71	208	0	0	5	5	1.00681818181818	2	1	0.00677169421487604	304
1874	457	358	238	238	62	62	187	0	0	4	4	1.01396648044693	2	1	0.0137714178708529	234
1875	459	386	293	293	54	54	155	0	0	5	5	1.02072538860104	2	1	0.0202958468683722	289
1876	451	396	291	291	63	63	180	0	0	4	4	1.03030303030303	2	1	0.029384756657484	285
1877	395	353	253	253	67	67	186	0	0	3	3	1.05382436260623	3	1	0.062258745355472	245
1878	511	458	345	345	73	73	207	0	0	7	7	1.04585152838428	3	1	0.0481159779561795	334
1879	504	436	321	321	82	82	221	0	0	6	6	1.05504587155963	3	1	0.0703644474370841	310
1880	819	613	469	469	97	97	267	0	0	7	7	1.04241435562806	8	1	0.112393518358353	449
1881	945	691	488	488	122	122	348	0	0	7	7	1.03328509406657	6	1	0.0842756046837466	473
1882	506	393	325	325	67	67	165	0	0	6	6	1.0763358778626	7	1	0.187557057669522	299
1883	1166	798	547	547	131	131	398	0	0	7	7	1.02005012531328	3	1	0.0221543834523654	534
1884	1345	899	629	629	161	161	447	0	0	8	8	1.01779755283648	3	1	0.0219301881586387	620
1885	1466	918	618	618	161	161	473	0	0	8	8	1.01307189542484	2	1	0.0129010209748386	610
1886	1497	1063	732	732	180	180	542	0	0	9	9	1.02916274694262	4	1	0.0414825539461704	711
1887	1468	1021	711	711	182	182	517	0	0	10	10	1.02448579823702	7	1	0.0552280656651087	694
1888	1253	762	590	590	129	129	348	0	0	10	10	1.06167979002625	5	1	0.107744159932765	555
1889	1590	657	519	519	96	96	272	0	0	10	10	1.05783866057839	4	1	0.0758023301339739	492
1890	1093	672	487	487	121	121	346	0	0	9	9	1.05952380952381	3	1	0.0649092970521538	459
1891	976	650	495	495	96	96	291	0	0	11	11	1.06153846153846	5	1	0.0792899408284023	465
1892	1449	1027	784	784	159	159	440	0	0	11	11	1.03700097370983	4	1	0.0531586786748063	751
1893	1694	1183	889	889	197	197	537	0	0	10	10	1.03888419273035	5	1	0.0576596171888455	852
1894	1214	695	569	569	103	103	267	0	0	9	9	1.05467625899281	3	1	0.0574421613788108	544
1895	1578	986	743	743	163	163	477	0	0	11	11	1.07200811359026	12	1	0.204753979650193	696
1896	1858	1193	857	855	196	198	602	0	0	13	13	1.05867560771165	6	1	0.0753501319867413	807
1897	1945	1302	973	967	226	229	688	0	0	13	13	1.10215053763441	7	1	0.188489998843803	874
1898	1918	1204	880	874	199	200	618	0	0	14	14	1.07890365448505	8	1	0.157395475767373	803
1899	1584	1090	866	858	177	178	488	0	0	14	14	1.07981651376147	14	1	0.277115562663081	793
1900	1588	1104	918	908	172	175	462	0	0	14	14	1.09420289855072	9	1	0.219386683469858	825
1901	1769	1237	1066	1052	212	220	578	0	0	16	16	1.15763945028294	37	1	1.41330663475737	914
1902	1777	1178	993	993	202	202	535	0	0	18	18	1.12563667232598	11	1	0.369614407891147	896
1903	2002	1296	1090	1090	208	208	545	0	0	16	16	1.10108024691358	5	1	0.13561611701722	997
1904	1952	1223	1042	1042	213	213	550	0	0	14	14	1.12755519215045	14	1	0.3140649141656	931
1905	2168	1446	1242	1242	237	237	628	0	0	16	16	1.12932226832642	15	1	0.421035087014494	1105
1906	2121	1459	1228	1228	240	240	627	0	0	17	17	1.10692254969157	6	1	0.146209789066566	1114
1907	2110	1471	1207	1207	253	253	683	0	0	17	17	1.11284840244731	5	1	0.136823361790447	1100
1908	2746	2026	1503	1503	368	368	1119	0	0	16	16	1.11253701875617	10	1	0.198589121285088	1361
1909	3009	2366	1677	1677	449	449	1382	0	0	19	19	1.10312764158918	5	1	0.117851587257921	1541
1910	3066	2320	1678	1678	429	429	1333	0	0	16	16	1.11293103448276	8	1	0.160522443519609	1502
1911	3385	2574	1858	1858	491	491	1508	0	0	19	19	1.11693861693862	5	1	0.153769027312147	1669
1912	3364	2658	1913	1913	518	518	1584	0	0	19	19	1.12076749435666	17	1	0.283759832321839	1712
1913	3587	2934	2032	2032	554	554	1766	0	0	21	21	1.10565780504431	8	1	0.129940722711736	1839
1914	3583	2757	1958	1958	532	532	1655	0	0	19	19	1.11751904243743	5	1	0.147959314563035	1766
1915	3378	2601	2018	2018	507	507	1505	0	0	20	20	1.15955401768551	7	1	0.250205721899483	1749
1916	3186	2389	2019	2019	459	459	1261	0	0	24	24	1.18082879866053	13	1	0.38002593511038	1710
1917	2943	2307	1985	1985	436	436	1210	0	0	23	23	1.19592544429996	15	1	0.408947420535972	1675
1918	2909	2294	1860	1860	409	409	1242	0	0	24	24	1.17393199651264	9	1	0.297995263030261	1609
1919	3141	2508	1949	1949	463	463	1433	0	0	24	24	1.16387559808612	9	1	0.258232507650171	1684
1920	3350	2766	2033	2033	531	531	1679	0	0	25	25	1.15003615328995	6	1	0.22441612306025	1803
1921	3381	2803	2240	2240	522	522	1607	0	0	25	25	1.18622904031395	16	1	0.345625558671454	1913
1922	3524	2904	2343	2343	570	570	1713	0	0	25	25	1.2004132231405	14	1	0.357906165334799	1984
1923	3813	3126	2427	2427	590	590	1862	0	0	25	25	1.18330134357006	8	1	0.22647739287728	2067
1924	4212	3328	2720	2720	699	699	2060	0	0	27	27	1.22626201923077	12	1	0.346341556345903	2249
1925	4445	3386	2811	2811	684	684	2007	0	0	31	31	1.2209096278795	12	1	0.337495451372167	2336
1926	4746	3595	2993	2993	711	711	2103	0	0	32	32	1.21974965229485	13	1	0.322224693932431	2471
1927	5347	4041	3226	3226	821	821	2529	0	0	31	31	1.22098490472655	5	1	0.268166414273481	2672
1928	4974	3922	3360	3360	809	809	2374	0	0	35	35	1.25573686894442	16	1	0.463155512608075	2722
1929	5062	3686	3233	3233	720	720	2161	0	0	33	33	1.2680412371134	16	1	0.446873374316887	2601
1930	4956	4038	3490	3490	809	809	2436	0	0	32	32	1.26721149083705	7	1	0.361733234617846	2797
1931	4880	3988	3518	3518	764	764	2372	0	0	32	32	1.28535606820461	11	1	0.367919958471192	2764
1932	5066	4066	3764	3764	830	830	2370	0	0	34	34	1.3044761436301	5	1	0.381470372401868	2925
1933	5072	3982	3779	3779	802	802	2260	0	0	34	34	1.31516825715721	13	1	0.447379165561936	2910
1934	5040	3939	3909	3909	838	838	2228	0	0	36	36	1.34526529576035	16	1	0.476374510730113	2974
1935	5142	4109	4027	4027	906	906	2424	0	0	35	35	1.34947675833536	10	1	0.421550590175315	3075
1936	4876	3969	3951	3951	832	832	2257	0	0	38	38	1.35449735449735	8	1	0.42736765488091	2991
1937	4850	3831	3973	3973	829	829	2204	0	0	37	37	1.39598016183764	11	1	0.501774496082583	2922
1938	5301	3997	4170	4170	847	847	2306	0	0	40	40	1.40830622967225	11	1	0.527306538197361	3042
1939	5098	3979	4246	4246	873	873	2311	0	0	40	40	1.42849962302086	18	1	0.718373496544246	3037
1940	4572	3561	4022	4022	745	745	1939	0	0	41	41	1.46475709070486	11	1	0.667179728975964	2850
1941	4383	3395	3968	3968	722	722	1815	0	0	39	39	1.49072164948454	18	1	0.760075915157241	2741
1942	4311	3350	4029	4029	685	685	1714	0	0	40	40	1.50985074626866	15	1	0.780052216529298	2758
1943	4237	3315	3873	3873	721	721	1857	0	0	43	43	1.51101055806938	15	1	0.94490139204542	2686
1944	4446	3579	4255	4253	806	807	2020	0	0	60	60	1.52808046940486	20	1	1.14778650819358	2925
1945	20241	18937	19250	19199	4404	4431	12212	0	0	1030	1035	1.42884300575593	24	1	0.595678615950536	14070
1946	53829	51336	41272	41104	13979	14020	44860	0	0	1426	1433	1.4055049088359	22	1	0.452189580660085	31381
1947	64783	62763	51626	51483	16791	16834	53637	0	0	1672	1676	1.40962031770311	21	1	0.44306472367805	39115
1948	70441	68871	56893	56736	18791	18841	60081	0	0	1711	1714	1.42560729479752	13	1	0.439438936197953	42658
1949	62512	61336	54520	54406	16843	16872	52012	0	0	1426	1432	1.46225707577931	14	1	0.464142186162166	39879
1950	85580	81318	72058	71910	24002	24054	78143	0	0	1356	1361	1.55191962419145	16	1	0.848081548325475	50479
1951	103574	97318	83847	83675	28920	28969	97193	0	0	1365	1367	1.56312295772622	15	1	0.868942391650149	58221
1952	107868	99498	86413	86223	30220	30277	101410	0	0	1357	1361	1.5839815875696	17	1	0.901392488835933	59146
1953	108700	102386	90044	89700	31740	31826	106701	0	0	1408	1412	1.61159728869181	17	1	0.940962527877703	60690
1954	105649	102804	93112	93044	32743	32764	108249	0	0	1447	1450	1.64018909770048	19	1	0.967730776273473	62027
1955	108492	105103	95643	95592	34077	34100	113609	0	0	1467	1469	1.66669838158759	21	1	1.02538567886175	62970
1956	106996	103892	97263	97220	34728	34735	115294	0	0	1410	1414	1.71167173603357	23	1	1.10368581654725	64593
1957	111473	108367	102395	102342	36676	36694	122993	0	0	1427	1431	1.74141574464551	19	1	1.12912558248037	65635
1958	109452	106327	103848	103804	36416	36432	118875	0	0	1434	1437	1.75220781175054	33	1	1.15931437185524	66148
1959	109937	107019	107330	107272	37390	37418	121471	1	0	1604	1609	1.78857025388015	17	1	1.19140506951598	67356
1960	112039	109665	111719	111695	39126	39142	127526	0	0	1923	1927	1.82482104591255	17	1	1.223121662456	68810
1961	119979	118425	121960	121932	42888	42894	140323	0	0	2434	2440	1.85260713531771	19	1	1.31229265397595	74247
1962	125527	124712	131433	131374	45585	45611	148551	0	0	2102	2108	1.87952241965488	17	1	1.35519295941976	78921
1963	141294	140068	146200	146167	52257	52269	174358	0	0	2125	2131	1.91550532598452	23	1	1.45157356093688	87128
1964	161877	160458	163058	163025	61620	61635	211243	0	0	2204	2210	1.94867815877052	22	1	1.5269563663859	96830
1965	176471	173161	179879	179829	65627	65637	221489	0	0	2739	2744	1.93889501677629	23	1	1.49530464811525	107197
1966	179389	173414	184745	184708	67096	67110	225386	0	1	2608	2617	1.97812748682344	38	1	1.52393715361721	109033
1967	191109	184892	196762	196738	73364	73369	252020	0	0	2663	2672	2.03047184302187	23	1	1.55278931287487	114844
1968	207372	200280	211935	211891	80170	80176	279645	0	0	2780	2788	2.05417415618135	23	1	1.60743064911506	123298
1969	214592	207610	222918	222884	84633	84644	296732	0	0	2878	2888	2.09535667838736	25	1	1.68406735628732	128085
1970	218645	210995	231460	231346	87338	87378	303912	0	0	3017	3025	2.123434204602	26	1	1.73551638463215	130877
1971	222254	215554	240486	240353	91045	91076	319740	0	0	3019	3029	2.17662859422697	26	1	1.78555823382041	134449
1972	226794	220889	250736	250649	95297	95312	333568	0	0	3030	3042	2.21381327272974	31	1	1.82434079081561	138463
1973	230119	223439	261396	261162	99154	99220	346289	1	0	3211	3217	2.27592765810803	25	1	1.92880039785165	141210
1974	233891	227456	271825	271576	102121	102169	359388	0	0	3409	3419	2.32612900956669	26	1	2.00787734801807	145051
1975	247298	240306	292606	292342	109504	109547	387414	5	0	3527	3539	2.37412299318369	32	1	2.12883093397609	153363
1976	249313	243171	302931	302623	113975	114048	402872	3	0	3747	3759	2.43379350333716	33	1	2.23244901121866	155764
1977	248088	243271	312769	312433	117975	118051	419337	1	3	4011	4024	2.52447270739217	35	1	2.39743352778093	157106
1978	256366	250391	323323	322992	123582	123654	445473	8	0	4180	4190	2.57682584437939	38	1	2.65743532972427	161107
1979	263348	256790	335545	335270	129985	130042	471308	7	0	4259	4269	2.63588145955839	49	1	2.80825650622339	165559
1980	265332	259889	346082	345790	135019	135089	493604	12	6	4346	4352	2.71141525805248	39	1	2.9471818520699	167426
1981	269495	264123	357630	357275	140947	141017	521198	16	2	4360	4367	2.7937021766374	100	1	3.21243225391795	170479
1982	281051	275036	373318	373056	148980	149043	560481	6	4	4289	4294	2.85351372184005	92	1	3.4714990558931	175960
1983	292676	286091	390612	390395	157120	157154	600972	13	9	4321	4326	2.91677822790651	50	1	3.45032724842322	182500
1984	300770	295157	407245	407039	165204	165248	638215	13	7	4405	4412	2.98233143716734	25	1	3.45804049520901	187895
1985	316706	310875	434776	434832	177324	177587	692987	12	11	4574	4579	3.05730277442702	64	1	4.21203122920135	198021
1986	328810	322744	456358	456171	187504	187701	737941	8	5	4528	4533	3.11948479290088	77	1	4.25374076025661	205668
1987	344240	337641	481032	481030	199981	200293	799071	12	9	4737	4743	3.19902499992596	64	1	4.45434860999975	214258
1988	359624	352215	504258	504140	210156	210530	849388	13	5	4771	4779	3.2465681472964	73	1	4.49431111465344	222841
1989	374201	367123	529395	529289	222380	222681	912563	27	12	4765	4772	3.32198745379614	65	1	4.7802267498321	231555
1990	378610	372264	545535	545153	229894	230227	939841	37	19	4743	4746	3.37255818451422	64	1	5.03124638802286	236026
1991	374978	369818	551552	551012	232034	232431	949922	31	19	4701	4705	3.43260739066243	64	1	4.87946739746163	236772
1992	377381	372145	561015	560150	236493	236977	985633	28	25	4735	4737	3.52054978570181	64	1	5.29066115494653	237667
1993	384098	379012	576023	575368	243073	243667	1023463	22	18	4748	4750	3.57881280803774	64	1	5.55777332276943	241800
1994	396020	390373	596467	595014	254008	254617	1082961	40	18	4768	4770	3.65143081104482	97	1	5.69453187931363	248518
1995	404698	399066	620588	618686	264008	264729	1136695	44	20	4791	4791	3.74192489462896	66	1	6.08061348993175	254125
1996	414797	409656	655976	650239	276996	277995	1206061	45	15	4819	4820	3.86920001171715	104	1	6.95534874191695	261397
1997	411675	405811	653099	645540	275734	276541	1214871	53	39	4853	4854	3.92359004561237	150	1	6.53245151101108	257431
1998	428815	421195	683200	672518	289279	290239	1286204	71	47	4863	4865	3.98894811191966	631	1	7.67817175764039	265599
1999	446700	438004	711039	697359	299324	300506	1346256	81	32	5335	5337	4.01359576624871	230	1	7.08772074505262	274595
2000	484244	475528	772655	756575	325901	327509	1488402	95	23	5107	5107	4.06948907319863	461	1	10.0855255695971	296226
2001	495274	489487	814323	791973	341801	344312	1582701	121	26	5596	5599	4.19872846469876	743	1	26.7091581362014	304137
2002	512764	507023	1204867	826883	400773	361282	1366296	119	42	5436	5438	4.28065393483136	620	1	23.5418067945215	314198
2003	541013	535352	1284020	871095	434621	385911	1502258	142	60	5267	5269	4.39273039047206	610	1	27.7029577327543	328026
2004	582763	576613	1389878	932398	479917	420441	1692143	182	67	5352	5354	4.51273904681303	625	1	38.5815021085037	348556
2005	641057	635181	1526293	1009691	539288	463155	1961824	226	74	5529	5530	4.64250190103293	650	1	48.8042601426701	376096
2006	684982	679639	1642338	1071624	586252	496572	2149561	282	142	5710	5712	4.71669077260134	645	1	43.9961470351505	398006
2007	722531	717560	1748095	1130723	629861	526280	2345962	276	144	6062	6063	4.82774402140588	631	1	46.5450644852916	415841
2008	768618	763605	1861369	1189624	675602	557330	2560856	303	247	6911	6912	4.90649354050851	620	1	46.2486252078363	436470
2009	808219	803346	1969299	1246129	720402	586461	2766612	323	303	7360	7360	4.99848010695267	656	1	40.439642624876	453199
2010	869825	865061	2120327	1328251	790577	632835	3103044	329	303	7938	7933	5.12425597732414	3172	1	75.7483031245599	480226
2011	943886	938892	2287451	1415769	865568	680532	3535156	300	469	8259	8252	5.27966901411451	3050	1	207.975562460776	509881
2012	1005662	1000200	2436989	1496601	934074	723228	3914881	270	540	8512	8499	5.41671265746851	3060	1	276.230585712845	535497
2013	1053359	1047619	2569390	1562199	991940	757035	4177283	172	601	8742	8715	5.49315447696157	2926	1	126.975707444673	552259
2014	1093236	1085460	2677245	1633984	1041152	787074	4449678	78	483	8541	8402	5.60662852615481	2937	1	114.551760274966	565686
